Intra-basepair parameters: 
 
Basepair   Buckle  Propeller  Opening    Shear    Stretch   Stagger 

 1) AT     17.96    -15.69      6.43      0.09      0.07      0.18  
 2) GC      6.67    -15.06      0.66     -0.01      0.01      0.27  
 3) CG     -1.86    -16.45      0.17     -0.02      0.00      0.28  
 4) TA    -11.07    -19.08      3.63     -0.10      0.01      0.28  
 5) TA     -9.53    -10.08      4.23     -0.09      0.03     -0.03  
 6) AT      0.30     -5.66      3.04      0.10      0.03      0.15  
 7) CG      6.85     -8.15      1.39     -0.02      0.05      0.10  
 8) AT      5.90    -11.00      2.22      0.10      0.03      0.06  
 9) CG      7.57    -12.35      1.50      0.01      0.04      0.05  
10) AT     -1.97    -13.18      3.23      0.07      0.03      0.04  
11) TA      3.51    -13.11      3.68     -0.07      0.04      0.07  
12) AT     -3.54    -12.55      3.73      0.07      0.04      0.09  
13) TA      2.70    -12.52      3.72     -0.07      0.04      0.10  
14) AT     -3.65    -11.86      3.74      0.07      0.04      0.10  
15) TA      3.31    -11.09      3.83     -0.07      0.04      0.12  
16) AT      2.99    -10.09      2.59      0.11      0.02      0.12  
17) CG      6.23     -9.82      1.48     -0.01      0.05      0.09  
18) AT      5.07    -10.88      2.17      0.10      0.03      0.07  
19) CG      6.99    -12.10      1.51      0.01      0.04      0.06  
20) AT     -2.29    -12.51      3.26      0.07      0.03      0.05  
21) TA      3.94    -11.56      3.79     -0.07      0.04      0.09  
22) AT      3.72    -10.30      2.58      0.11      0.03      0.13  
23) CG      6.83    -11.39      1.48      0.00      0.04      0.09  
24) AT     -1.79    -13.24      3.24      0.07      0.03      0.03  
25) TA      3.35    -13.32      3.71     -0.07      0.04      0.06  
26) AT     -3.93    -11.87      3.76      0.07      0.04      0.11  
27) TA      3.19    -11.00      3.82     -0.07      0.04      0.12  
28) AT      3.02    -10.15      2.59      0.11      0.02      0.12  
29) CG      6.13     -9.99      1.50     -0.01      0.04      0.09  
30) AT      4.26    -10.69      2.18      0.10      0.02      0.07  
31) CG      6.49    -10.61      1.51     -0.01      0.04      0.07  
32) AT      3.99    -10.63      2.17      0.10      0.02      0.07  
33) CG      6.46    -10.33      1.49     -0.01      0.04      0.07  
34) AT      5.02    -10.74      2.15      0.10      0.03      0.07  
35) CG      7.29    -12.02      1.48      0.01      0.04      0.07  
36) AT     -2.06    -13.28      3.25      0.07      0.03      0.03  
37) TA      3.14    -13.23      3.69     -0.07      0.04      0.06  
38) AT     -3.48    -11.53      3.71      0.07      0.04      0.12  
39) TA      4.13    -10.81      3.71     -0.07      0.04      0.13  
40) AT      3.53    -12.44      2.58      0.10      0.02      0.11  
41) CG      2.06    -14.54      1.02     -0.02      0.02      0.21  
42) TA     -5.22    -13.96      4.21     -0.04      0.01      0.12  
43) GC     -2.30     -8.00      0.47      0.03      0.03      0.14  
44) CG     -1.93     -5.21      0.80     -0.03      0.04      0.13  
45) AT      9.22     -8.56      4.08      0.04      0.02      0.08  
46) GC      9.41    -10.77      1.40      0.05      0.04      0.10  
47) AT      5.99    -16.03      0.72      0.18      0.04      0.18  
48) CG      5.17    -13.02      1.54      0.01      0.04      0.11  
49) AT     -2.67    -12.37      3.15      0.07      0.03      0.06  
50) TA      3.60    -11.62      3.77     -0.07      0.04      0.10  
51) AT      2.72    -10.11      2.59      0.11      0.02      0.12  
52) CG      6.05     -9.71      1.49     -0.01      0.05      0.10  
53) AT      5.21    -10.73      2.15      0.10      0.03      0.07  
54) CG      7.35    -12.06      1.48      0.01      0.04      0.06  
55) AT     -1.87    -13.15      3.23      0.07      0.03      0.04  
56) TA      3.57    -13.13      3.69     -0.07      0.04      0.07  
57) AT     -3.54    -12.56      3.74      0.07      0.04      0.09  
58) TA      2.70    -12.53      3.72     -0.07      0.04      0.10  
59) AT     -3.65    -11.86      3.74      0.07      0.04      0.10  
60) TA      3.31    -11.08      3.83     -0.07      0.04      0.12  
61) AT      2.99    -10.09      2.59      0.11      0.02      0.12  
62) CG      6.23     -9.82      1.48     -0.01      0.05      0.09  
63) AT      5.06    -10.88      2.17      0.10      0.03      0.07  
64) CG      6.99    -12.10      1.51      0.01      0.04      0.06  
65) AT     -2.26    -12.51      3.26      0.07      0.03      0.05  
66) TA      3.98    -11.58      3.79     -0.07      0.04      0.09  
67) AT      3.60    -10.43      2.60      0.11      0.03      0.12  
68) CG      6.50    -11.42      1.50      0.00      0.04      0.09  
69) AT     -2.08    -12.60      3.26      0.07      0.03      0.05  
70) TA      3.87    -11.85      3.80     -0.07      0.04      0.08  
71) AT      2.65    -10.21      2.60      0.11      0.02      0.12  
72) CG      5.88     -9.86      1.50     -0.01      0.04      0.10  
73) AT      4.30    -10.54      2.17      0.10      0.02      0.07  
74) CG      6.69    -10.45      1.49     -0.01      0.04      0.07  
75) AT      4.83    -10.93      2.17      0.10      0.03      0.07  
76) CG      6.86    -12.03      1.51      0.01      0.04      0.06  
77) AT     -2.27    -12.49      3.26      0.07      0.03      0.05  
78) TA      3.96    -11.56      3.79     -0.07      0.04      0.09  
79) AT      3.69    -10.32      2.58      0.11      0.03      0.13  
80) CG      6.76    -11.37      1.48      0.00      0.04      0.09  
81) AT     -1.68    -13.10      3.23      0.07      0.03      0.04  
82) TA      3.67    -13.15      3.69     -0.07      0.04      0.06  
83) AT     -3.40    -12.44      3.73      0.07      0.04      0.10  
84) TA      3.06    -12.38      3.71     -0.07      0.04      0.10  
85) AT     -3.25    -12.56      3.72      0.07      0.04      0.09  
86) TA      2.85    -12.60      3.73     -0.07      0.04      0.09  
87) AT     -3.65    -11.87      3.74      0.07      0.04      0.10  
88) TA      3.34    -11.07      3.83     -0.07      0.04      0.12  
89) AT      3.01    -10.18      2.59      0.11      0.02      0.12  
90) CG      6.11     -9.99      1.50     -0.01      0.04      0.09  
91) AT      4.26    -10.69      2.18      0.10      0.02      0.07  
92) CG      6.49    -10.61      1.51     -0.01      0.04      0.07  
93) AT      3.99    -10.63      2.17      0.10      0.02      0.07  
94) CG      6.46    -10.33      1.49     -0.01      0.04      0.07  
95) AT      5.02    -10.74      2.15      0.10      0.03      0.07  
96) CG      7.30    -12.01      1.48      0.01      0.04      0.07  
97) AT     -2.03    -13.30      3.25      0.07      0.03      0.03  
98) TA      3.16    -13.29      3.70     -0.07      0.04      0.06  
99) AT     -3.89    -11.68      3.75      0.07      0.04      0.11  
100) TA      3.46    -10.75      3.82     -0.07      0.04      0.13  
101) AT      3.93    -10.45      2.59      0.11      0.03      0.12  
102) CG      6.61    -11.54      1.51      0.00      0.04      0.08  
103) AT     -2.09    -12.49      3.25      0.07      0.03      0.05  
104) TA      4.05    -11.60      3.80     -0.07      0.04      0.09  
105) AT      3.72    -10.32      2.58      0.11      0.03      0.13  
106) CG      6.83    -11.40      1.48      0.00      0.04      0.09  
107) AT     -1.82    -13.26      3.25      0.07      0.03      0.03  
108) TA      3.29    -13.32      3.71     -0.07      0.04      0.06  
109) AT     -3.89    -11.71      3.75      0.07      0.04      0.11  
110) TA      3.44    -10.76      3.82     -0.07      0.04      0.13  
111) AT      3.92    -10.44      2.59      0.11      0.03      0.12  
112) CG      6.61    -11.54      1.51      0.00      0.04      0.08  
113) AT     -2.06    -12.49      3.25      0.07      0.03      0.05  
114) TA      4.10    -11.62      3.80     -0.07      0.04      0.09  
115) AT      3.56    -10.47      2.60      0.11      0.03      0.12  
116) CG      6.42    -11.42      1.51      0.00      0.04      0.09  
117) AT     -2.06    -12.46      3.25      0.07      0.03      0.05  
118) TA      4.08    -11.61      3.80     -0.07      0.04      0.09  
119) AT      3.68    -10.35      2.59      0.11      0.03      0.13  
120) CG      6.75    -11.37      1.48      0.00      0.04      0.09  
121) AT     -1.65    -13.09      3.23      0.07      0.03      0.04  
122) TA      3.72    -13.16      3.69     -0.07      0.04      0.06  
123) AT     -3.54    -12.59      3.74      0.07      0.04      0.09  
124) TA      2.69    -12.54      3.72     -0.07      0.04      0.09  
125) AT     -3.63    -11.84      3.74      0.07      0.04      0.10  
126) TA      3.36    -11.07      3.83     -0.07      0.04      0.12  
127) AT      2.99    -10.20      2.60      0.11      0.02      0.12  
128) CG      6.06     -9.99      1.51     -0.01      0.04      0.09  
129) AT      4.26    -10.58      2.17      0.10      0.02      0.07  
130) CG      6.66    -10.45      1.49     -0.01      0.04      0.07  
131) AT      4.83    -10.92      2.17      0.10      0.03      0.07  
132) CG      6.86    -12.02      1.51      0.01      0.04      0.06  
133) AT     -2.24    -12.48      3.26      0.07      0.03      0.05  
134) TA      4.00    -11.57      3.79     -0.07      0.04      0.09  
135) AT      3.61    -10.43      2.60      0.11      0.03      0.12  
136) CG      6.51    -11.43      1.50      0.00      0.04      0.09  
137) AT     -2.10    -12.62      3.26      0.07      0.03      0.05  
138) TA      3.82    -11.87      3.81     -0.07      0.04      0.08  
139) AT      2.61    -10.11      2.59      0.11      0.02      0.12  
140) CG      6.00     -9.67      1.49     -0.01      0.05      0.10  
141) AT      5.22    -10.71      2.15      0.10      0.03      0.07  
142) CG      7.36    -12.07      1.48      0.01      0.04      0.06  
143) AT     -1.90    -13.16      3.24      0.07      0.03      0.04  
144) TA      3.52    -13.12      3.69     -0.07      0.04      0.07  
145) AT     -3.41    -12.41      3.72      0.07      0.04      0.10  
146) TA      3.07    -12.37      3.71     -0.07      0.04      0.10  
147) AT     -3.24    -12.57      3.72      0.07      0.04      0.09  
148) TA      2.86    -12.61      3.73     -0.07      0.04      0.09  
149) AT     -3.66    -11.88      3.74      0.07      0.04      0.10  
150) TA      3.30    -11.08      3.83     -0.07      0.04      0.12  
151) AT      3.02    -10.09      2.59      0.11      0.02      0.12  
152) CG      6.27     -9.87      1.49     -0.01      0.05      0.09  
153) AT      4.83    -10.97      2.19      0.10      0.02      0.06  
154) CG      6.61    -11.90      1.53      0.01      0.04      0.06  
155) AT     -1.50    -11.69      3.25      0.07      0.03      0.07  
156) TA      6.09    -10.72      4.03     -0.07      0.04      0.10  
157) AT      2.76    -14.56      4.04      0.08      0.02     -0.08  
158) AT     -0.17    -18.29      2.36      0.13      0.02      0.13  
159) TA     -1.03    -15.15      2.23     -0.11      0.04      0.12  

Inter-basepair parameters: 
 
BP step     Tilt      Roll     Twist     Shift     Slide      Rise  

 1) AT/GC  -4.27      4.16     35.49     -0.62     -0.48      3.51  
 2) GC/CG  -0.23     -1.71     36.25     -0.04     -0.53      3.50  
 3) CG/TA   2.76      3.91     34.82      0.36     -0.59      3.47  
 4) TA/TA   3.41     -0.32     36.01      0.40     -0.17      3.27  
 5) TA/AT  -1.61      9.37     28.66      0.00     -0.15      3.08  
 6) AT/CG  -0.54     -0.64     31.18      0.02     -0.57      3.25  
 7) CG/AT   0.07      9.50     31.75     -0.23     -0.37      3.29  
 8) AT/CG  -0.95     -0.33     32.19      0.13     -0.61      3.32  
 9) CG/AT  -0.24     10.38     33.93     -0.15     -0.43      3.46  
10) AT/TA  -0.22     -0.54     30.46      0.05     -0.77      3.22  
11) TA/AT  -0.20      9.54     32.93      0.02     -0.51      3.39  
12) AT/TA   0.02     -0.55     30.31     -0.01     -0.78      3.21  
13) TA/AT  -0.10      9.34     32.82      0.01     -0.52      3.37  
14) AT/TA  -0.09     -0.54     30.12      0.02     -0.79      3.20  
15) TA/AT  -0.00      8.87     31.64     -0.05     -0.41      3.26  
16) AT/CG  -0.71     -0.27     31.63      0.12     -0.62      3.30  
17) CG/AT  -0.10      9.82     31.66     -0.22     -0.36      3.29  
18) AT/CG  -0.91     -0.36     32.13      0.13     -0.61      3.32  
19) CG/AT  -0.30     10.25     33.90     -0.15     -0.44      3.45  
20) AT/TA  -0.32     -0.53     30.26      0.07     -0.78      3.21  
21) TA/AT  -0.22      8.99     31.57     -0.04     -0.39      3.26  
22) AT/CG  -0.60     -0.46     31.84      0.10     -0.61      3.30  
23) CG/AT   0.07     10.17     33.77     -0.16     -0.43      3.44  
24) AT/TA  -0.20     -0.54     30.51      0.05     -0.78      3.23  
25) TA/AT  -0.40      9.52     32.97      0.03     -0.52      3.40  
26) AT/TA  -0.09     -0.55     30.10      0.01     -0.79      3.20  
27) TA/AT   0.05      8.86     31.61     -0.06     -0.41      3.25  
28) AT/CG  -0.71     -0.29     31.67      0.11     -0.62      3.30  
29) CG/AT  -0.14      9.83     31.86     -0.21     -0.37      3.31  
30) AT/CG  -0.99     -0.18     31.90      0.14     -0.62      3.32  
31) CG/AT  -0.34      9.97     31.98     -0.21     -0.38      3.32  
32) AT/CG  -0.99     -0.15     31.83      0.15     -0.62      3.31  
33) CG/AT  -0.30      9.93     31.68     -0.21     -0.36      3.30  
34) AT/CG  -0.89     -0.36     32.07      0.13     -0.61      3.31  
35) CG/AT  -0.10     10.33     33.90     -0.15     -0.43      3.45  
36) AT/TA  -0.21     -0.54     30.50      0.04     -0.78      3.23  
37) TA/AT  -0.49      9.42     32.86      0.04     -0.51      3.38  
38) AT/TA  -0.11     -0.57     30.02      0.02     -0.79      3.19  
39) TA/AT   0.29      8.92     31.74     -0.09     -0.40      3.26  
40) AT/CG  -1.45     -1.05     32.71      0.01     -0.66      3.38  
41) CG/TA   3.06      2.83     34.64      0.43     -0.60      3.46  
42) TA/GC  -0.22      9.61     30.65      0.05     -0.29      3.20  
43) GC/CG   0.10     -0.86     33.65      0.06     -0.40      3.39  
44) CG/AT   0.32      9.62     27.65     -0.08     -0.22      3.04  
45) AT/GC  -2.36      3.31     33.15     -0.38     -0.43      3.34  
46) GC/AT  -1.77      0.51     37.75     -0.44     -0.12      3.39  
47) AT/CG  -0.34     -0.31     32.12      0.32     -0.68      3.35  
48) CG/AT  -0.04     10.25     33.54     -0.14     -0.43      3.42  
49) AT/TA  -0.25     -0.56     30.24      0.07     -0.78      3.21  
50) TA/AT  -0.19      8.97     31.74     -0.04     -0.41      3.27  
51) AT/CG  -0.70     -0.26     31.61      0.12     -0.62      3.30  
52) CG/AT  -0.11      9.78     31.58     -0.22     -0.36      3.28  
53) AT/CG  -0.90     -0.37     32.10      0.13     -0.61      3.32  
54) CG/AT  -0.17     10.31     33.87     -0.15     -0.43      3.45  
55) AT/TA  -0.22     -0.54     30.46      0.05     -0.78      3.22  
56) TA/AT  -0.21      9.55     32.94      0.02     -0.51      3.39  
57) AT/TA   0.02     -0.55     30.31     -0.01     -0.78      3.21  
58) TA/AT  -0.10      9.34     32.82      0.01     -0.52      3.37  
59) AT/TA  -0.09     -0.54     30.12      0.02     -0.79      3.20  
60) TA/AT  -0.00      8.87     31.64     -0.05     -0.41      3.26  
61) AT/CG  -0.71     -0.27     31.63      0.12     -0.62      3.30  
62) CG/AT  -0.10      9.82     31.66     -0.22     -0.37      3.29  
63) AT/CG  -0.91     -0.36     32.13      0.13     -0.61      3.32  
64) CG/AT  -0.31     10.25     33.90     -0.15     -0.44      3.45  
65) AT/TA  -0.32     -0.53     30.25      0.07     -0.78      3.21  
66) TA/AT  -0.18      9.01     31.60     -0.04     -0.39      3.26  
67) AT/CG  -0.62     -0.46     31.88      0.10     -0.61      3.30  
68) CG/AT  -0.07     10.10     33.78     -0.15     -0.44      3.43  
69) AT/TA  -0.30     -0.53     30.30      0.07     -0.78      3.22  
70) TA/AT  -0.26      9.05     31.79     -0.03     -0.41      3.28  
71) AT/CG  -0.70     -0.28     31.64      0.11     -0.62      3.30  
72) CG/AT  -0.13      9.79     31.80     -0.22     -0.37      3.30  
73) AT/CG  -0.99     -0.17     31.85      0.14     -0.62      3.32  
74) CG/AT  -0.29      9.98     31.78     -0.21     -0.37      3.31  
75) AT/CG  -0.91     -0.35     32.11      0.13     -0.61      3.32  
76) CG/AT  -0.28     10.24     33.86     -0.15     -0.44      3.45  
77) AT/TA  -0.32     -0.53     30.25      0.07     -0.78      3.21  
78) TA/AT  -0.21      8.99     31.58     -0.04     -0.39      3.26  
79) AT/CG  -0.61     -0.46     31.85      0.10     -0.61      3.30  
80) CG/AT   0.03     10.14     33.73     -0.16     -0.43      3.43  
81) AT/TA  -0.21     -0.54     30.47      0.05     -0.78      3.22  
82) TA/AT  -0.27      9.53     32.93      0.02     -0.51      3.39  
83) AT/TA   0.00     -0.55     30.28     -0.00     -0.78      3.20  
84) TA/AT   0.07      9.39     32.81     -0.00     -0.51      3.37  
85) AT/TA   0.01     -0.55     30.33     -0.00     -0.78      3.21  
86) TA/AT  -0.13      9.36     32.85      0.01     -0.52      3.38  
87) AT/TA  -0.09     -0.55     30.11      0.02     -0.79      3.20  
88) TA/AT   0.02      8.88     31.64     -0.05     -0.41      3.26  
89) AT/CG  -0.71     -0.28     31.67      0.11     -0.62      3.30  
90) CG/AT  -0.14      9.83     31.86     -0.21     -0.37      3.30  
91) AT/CG  -0.99     -0.18     31.90      0.14     -0.62      3.32  
92) CG/AT  -0.34      9.97     31.98     -0.21     -0.38      3.32  
93) AT/CG  -0.99     -0.15     31.83      0.15     -0.62      3.31  
94) CG/AT  -0.30      9.93     31.68     -0.21     -0.36      3.30  
95) AT/CG  -0.89     -0.36     32.07      0.13     -0.61      3.31  
96) CG/AT  -0.10     10.33     33.89     -0.15     -0.43      3.45  
97) AT/TA  -0.20     -0.54     30.51      0.04     -0.78      3.23  
98) TA/AT  -0.42      9.48     32.93      0.03     -0.52      3.39  
99) AT/TA  -0.10     -0.55     30.05      0.02     -0.79      3.20  
100) TA/AT   0.12      8.85     31.46     -0.06     -0.39      3.24  
101) AT/CG  -0.63     -0.46     31.93      0.10     -0.61      3.31  
102) CG/AT  -0.14     10.11     33.81     -0.15     -0.44      3.44  
103) AT/TA  -0.32     -0.53     30.26      0.08     -0.78      3.22  
104) TA/AT  -0.23      9.00     31.59     -0.04     -0.39      3.26  
105) AT/CG  -0.60     -0.46     31.84      0.10     -0.61      3.30  
106) CG/AT   0.08     10.18     33.78     -0.16     -0.43      3.44  
107) AT/TA  -0.20     -0.54     30.51      0.05     -0.78      3.23  
108) TA/AT  -0.44      9.49     32.95      0.03     -0.52      3.39  
109) AT/TA  -0.10     -0.55     30.05      0.02     -0.79      3.20  
110) TA/AT   0.12      8.85     31.46     -0.06     -0.39      3.24  
111) AT/CG  -0.63     -0.46     31.92      0.10     -0.61      3.31  
112) CG/AT  -0.14     10.10     33.80     -0.15     -0.44      3.44  
113) AT/TA  -0.32     -0.53     30.26      0.08     -0.78      3.22  
114) TA/AT  -0.19      9.03     31.63     -0.04     -0.40      3.27  
115) AT/CG  -0.62     -0.45     31.89      0.10     -0.61      3.30  
116) CG/AT  -0.11     10.08     33.76     -0.15     -0.44      3.43  
117) AT/TA  -0.32     -0.53     30.26      0.08     -0.78      3.22  
118) TA/AT  -0.23      9.01     31.61     -0.04     -0.40      3.26  
119) AT/CG  -0.61     -0.45     31.85      0.10     -0.61      3.30  
120) CG/AT   0.03     10.14     33.72     -0.16     -0.43      3.43  
121) AT/TA  -0.21     -0.54     30.47      0.05     -0.78      3.22  
122) TA/AT  -0.22      9.56     32.97      0.02     -0.51      3.40  
123) AT/TA   0.01     -0.55     30.32     -0.01     -0.78      3.21  
124) TA/AT  -0.11      9.34     32.82      0.01     -0.52      3.37  
125) AT/TA  -0.09     -0.55     30.11      0.02     -0.79      3.20  
126) TA/AT   0.03      8.89     31.64     -0.05     -0.41      3.26  
127) AT/CG  -0.71     -0.28     31.68      0.11     -0.62      3.31  
128) CG/AT  -0.16      9.81     31.85     -0.21     -0.38      3.30  
129) AT/CG  -0.99     -0.17     31.85      0.15     -0.62      3.32  
130) CG/AT  -0.28      9.98     31.77     -0.21     -0.36      3.31  
131) AT/CG  -0.91     -0.35     32.11      0.13     -0.61      3.32  
132) CG/AT  -0.29     10.23     33.86     -0.15     -0.44      3.45  
133) AT/TA  -0.32     -0.53     30.25      0.07     -0.78      3.21  
134) TA/AT  -0.18      9.01     31.60     -0.04     -0.39      3.26  
135) AT/CG  -0.62     -0.46     31.88      0.10     -0.61      3.30  
136) CG/AT  -0.07     10.10     33.79     -0.15     -0.44      3.44  
137) AT/TA  -0.30     -0.53     30.31      0.07     -0.78      3.22  
138) TA/AT  -0.28      9.03     31.79     -0.03     -0.41      3.28  
139) AT/CG  -0.70     -0.26     31.59      0.12     -0.62      3.30  
140) CG/AT  -0.11      9.77     31.57     -0.22     -0.36      3.28  
141) AT/CG  -0.89     -0.37     32.10      0.13     -0.61      3.32  
142) CG/AT  -0.17     10.32     33.88     -0.15     -0.43      3.45  
143) AT/TA  -0.22     -0.54     30.47      0.05     -0.78      3.22  
144) TA/AT  -0.26      9.52     32.91      0.02     -0.51      3.39  
145) AT/TA   0.00     -0.56     30.27     -0.00     -0.78      3.20  
146) TA/AT   0.07      9.39     32.81     -0.00     -0.51      3.37  
147) AT/TA   0.01     -0.55     30.33     -0.00     -0.78      3.21  
148) TA/AT  -0.13      9.37     32.86      0.01     -0.52      3.38  
149) AT/TA  -0.09     -0.54     30.12      0.02     -0.79      3.20  
150) TA/AT  -0.00      8.87     31.63     -0.05     -0.41      3.26  
151) AT/CG  -0.70     -0.27     31.64      0.12     -0.62      3.30  
152) CG/AT  -0.08      9.85     31.73     -0.22     -0.37      3.30  
153) AT/CG  -0.93     -0.33     32.13      0.13     -0.62      3.32  
154) CG/AT  -0.50     10.11     33.61     -0.14     -0.44      3.43  
155) AT/TA  -0.29     -0.48     30.04      0.11     -0.77      3.19  
156) TA/AT   1.52     10.29     31.55     -0.07     -0.36      3.34  
157) AT/AT  -2.99      0.10     35.98     -0.39     -0.35      3.34  
158) AT/TA   0.12     -1.29     31.24      0.03     -0.86      3.34  
